2
200
0.25000000
1.00000000

0.00010000

1.00000000 1.00000000 1.00000000 1.00000000 1.00000000 1.00000000 1.00000000 1.00000000 1.00000000 1.00000000 1.00000000 1.00000000 1.00000000 1.00000000 1.00000000 1.00000000 1.00000000 1.00000000 1.00000000 1.00000000 1.00000000 1.00000000 1.00000000 1.00000000 1.00000000 1.00000000 1.00000000 1.00000000 1.00000000 1.00000000 1.00000000 1.00000000 1.00000000 1.00000000 1.00000000 1.00000000 1.00000000 1.00000000 1.00000000 1.00000000 1.00000000 1.00000000 1.00000000 1.00000000 1.00000000 1.00000000 1.00000000 1.00000000 1.00000000 1.00000000 1.00000000 1.00000000 1.00000000 1.00000000 1.00000000 1.00000000 1.00000000 1.00000000 1.00000000 1.00000000 1.00000000 1.00000000 1.00000000 1.00000000 1.00000000 1.00000000 1.00000000 1.00000000 1.00000000 1.00000000 1.00000000 1.00000000 1.00000000 1.00000000 1.00000000 1.00000000 1.00000000 1.00000000 1.00000000 1.00000000 1.00000000 1.00000000 1.00000000 1.00000000 1.00000000 1.00000000 1.00000000 1.00000000 1.00000000 1.00000000 1.00000000 1.00000000 1.00000000 1.00000000 1.00000000 1.00000000 1.00000000 1.00000000 1.00000000 1.00000000 1.00000000 1.00000000 1.00000000 1.00000000 1.00000000 1.00000000 1.00000000 1.00000000 1.00000000 1.00000000 1.00000000 1.00000000 1.00000000 1.00000000 1.00000000 1.00000000 1.00000000 1.00000000 1.00000000 1.00000000 1.00000000 1.00000000 1.00000000 1.00000000 1.00000000 1.00000000 1.00000000 1.00000000 1.00000000 1.00000000 1.00000000 1.00000000 1.00000000 1.00000000 1.00000000 1.00000000 1.00000000 1.00000000 1.00000000 1.00000000 1.00000000 1.00000000 1.00000000 1.00000000 1.00000000 1.00000000 1.00000000 1.00000000 1.00000000 1.00000000 1.00000000 1.00000000 1.00000000 1.00000000 1.00000000 1.00000000 1.00000000 1.00000000 1.00000000 1.00000000 1.00000000 1.00000000 1.00000000 1.00000000 1.00000000 1.00000000 1.00000000 1.00000000 1.00000000 1.00000000 1.00000000 1.00000000 1.00000000 1.00000000 1.00000000 1.00000000 1.00000000 1.00000000 1.00000000 1.00000000 1.00000000 1.00000000 1.00000000 1.00000000 1.00000000 1.00000000 1.00000000 1.00000000 1.00000000 1.00000000 1.00000000 1.00000000 1.00000000 1.00000000 1.00000000 1.00000000 1.00000000 1.00000000 1.00000000 1.00000000 

1.55938280 1.58003653 1.59950735 1.61806631 1.63555034 1.65178792 1.66698557 1.68153811 1.69519815 1.70790229 1.71967942 1.73068710 1.74056599 1.74910020 1.75655587 1.76312141 1.76883558 1.77372987 1.77785560 1.78121831 1.78385953 1.78596398 1.78753831 1.78867609 1.78944834 1.78982355 1.78979592 1.78941782 1.78871412 1.78767891 1.78632930 1.78475326 1.78296557 1.78099351 1.77877874 1.77631299 1.77357174 1.77053174 1.76731738 1.76395297 1.76036855 1.75649419 1.75217412 1.74742948 1.74229991 1.73686065 1.73116344 1.72527885 1.71925895 1.71315587 1.70699221 1.70089181 1.69492588 1.68915056 1.68368863 1.67856035 1.67375704 1.66936199 1.66546896 1.66216955 1.65948599 1.65737836 1.65588317 1.65499657 1.65471421 1.65508430 1.65611115 1.65781035 1.66009418 1.66300889 1.66646981 1.67029635 1.67415712 1.67780919 1.68114528 1.68407592 1.68658692 1.68872216 1.69047587 1.69176379 1.69238024 1.69232736 1.69166957 1.69053638 1.68911493 1.68747586 1.68563711 1.68361199 1.68141328 1.67907204 1.67663131 1.67432399 1.67225619 1.67044060 1.66890684 1.66768369 1.66675344 1.66596130 1.66519947 1.66451336 1.66401909 1.66371221 1.66354748 1.66360029 1.66378099 1.66395874 1.66398694 1.66385418 1.66361186 1.66324074 1.66273759 1.66211726 1.66137944 1.66053088 1.65964936 1.65882251 1.65819712 1.65790436 1.65788140 1.65797702 1.65819161 1.65858553 1.65933966 1.66050659 1.66211123 1.66414377 1.66639127 1.66868195 1.67095043 1.67319045 1.67545871 1.67782147 1.68033403 1.68298553 1.68555109 1.68781742 1.68972143 1.69122360 1.69238453 1.69335036 1.69422066 1.69500531 1.69550618 1.69561657 1.69532185 1.69470164 1.69389671 1.69312757 1.69247784 1.69183539 1.69097261 1.68974967 1.68808033 1.68611938 1.68413292 1.68236354 1.68087460 1.67943999 1.67789472 1.67606018 1.67388300 1.67155733 1.66929274 1.66730456 1.66569659 1.66442265 1.66328650 1.66202355 1.66059935 1.65919040 1.65799152 1.65723123 1.65710482 1.65757488 1.65836092 1.65921595 1.66011594 1.66132581 1.66312709 1.66561966 1.66885497 1.67271884 1.67683767 1.68085874 1.68470219 1.68848935 1.69247717 1.69685813 1.70181740 1.70729334 1.71304594 1.71876562 1.72436062 1.72998915 1.73593522 1.74237982 1.74947047 1.75711227 1.76514791 1.77340078 
0.55521233 0.57059550 0.58383340 0.59640340 0.60923120 0.62243922 0.63556906 0.64802936 0.65917260 0.66872993 0.67789043 0.68905084 0.70277219 0.71846820 0.73526285 0.75192469 0.76765562 0.78230656 0.79660168 0.81119402 0.82645325 0.84239992 0.85828282 0.87321848 0.88649992 0.89793838 0.90770889 0.91641602 0.92458630 0.93214768 0.93915322 0.94534021 0.95031673 0.95405074 0.95651637 0.95798294 0.95937672 0.96079559 0.96251096 0.96450733 0.96639302 0.96773361 0.96833145 0.96840184 0.96868194 0.96989404 0.97222398 0.97570946 0.97966908 0.98364663 0.98747792 0.99138852 0.99616171 1.00238331 1.01046215 1.02054472 1.03211306 1.04409535 1.05584357 1.06733739 1.07920491 1.09223955 1.10720389 1.12430541 1.14276000 1.16116969 1.17849987 1.19474559 1.21032624 1.22634112 1.24394455 1.26365657 1.28428192 1.30401909 1.32149409 1.33633728 1.34962663 1.36283625 1.37691425 1.39242201 1.40835959 1.42312111 1.43552488 1.44518794 1.45334505 1.46161646 1.47102104 1.48214388 1.49434091 1.50619858 1.51643198 1.52502077 1.53337387 1.54310755 1.55515431 1.56984071 1.58619780 1.60263738 1.61769755 1.63124277 1.64417033 1.65783212 1.67307860 1.69028840 1.70876961 1.72707232 1.74360814 1.75806918 1.77128171 1.78496157 1.80025828 1.81681870 1.83412951 1.85106245 1.86614958 1.87909831 1.89062781 1.90233332 1.91552603 1.92985160 1.94488690 1.95979188 1.97362880 1.98601391 1.99737020 2.00939734 2.02287056 2.03765336 2.05322329 2.06911898 2.08445563 2.09884028 2.11245609 2.12604331 2.14051039 2.15605364 2.17274937 2.19033201 2.20779737 2.22460125 2.24056013 2.25608088 2.27199523 2.28852197 2.30598579 2.32408878 2.34203736 2.35903846 2.37491008 2.39038298 2.40586974 2.42192905 2.43876495 2.45602633 2.47338569 2.49006520 2.50560787 2.51995391 2.53374953 2.54818202 2.56321772 2.57886594 2.59505101 2.61089524 2.62540843 2.63836396 2.65053884 2.66301346 2.67640035 2.69073953 2.70559723 2.71993099 2.73267149 2.74418613 2.75538999 2.76727836 2.78069278 2.79557761 2.81119091 2.82630468 2.84008637 2.85274218 2.86503975 2.87812810 2.89260896 2.90856451 2.92514887 2.94100738 2.95534403 2.96822799 2.98002441 2.99185269 3.00451477 3.01802299 3.03160664 3.04404228 3.05498520 3.06445342 3.07339701 3.08311359 
