2
107
0.03500000
1.00000000

0.00010000

1.00000000 1.00000000 1.00000000 1.00000000 1.00000000 1.00000000 1.00000000 1.00000000 1.00000000 1.00000000 1.00000000 1.00000000 1.00000000 1.00000000 1.00000000 1.00000000 1.00000000 1.00000000 1.00000000 1.00000000 1.00000000 1.00000000 1.00000000 1.00000000 1.00000000 1.00000000 1.00000000 1.00000000 1.00000000 1.00000000 1.00000000 1.00000000 1.00000000 1.00000000 1.00000000 1.00000000 1.00000000 1.00000000 1.00000000 1.00000000 1.00000000 1.00000000 1.00000000 1.00000000 1.00000000 1.00000000 1.00000000 1.00000000 1.00000000 1.00000000 1.00000000 1.00000000 1.00000000 1.00000000 1.00000000 1.00000000 1.00000000 1.00000000 1.00000000 1.00000000 1.00000000 1.00000000 1.00000000 1.00000000 1.00000000 1.00000000 1.00000000 1.00000000 1.00000000 1.00000000 1.00000000 1.00000000 1.00000000 1.00000000 1.00000000 1.00000000 1.00000000 1.00000000 1.00000000 1.00000000 1.00000000 1.00000000 1.00000000 1.00000000 1.00000000 1.00000000 1.00000000 1.00000000 1.00000000 1.00000000 1.00000000 1.00000000 1.00000000 1.00000000 1.00000000 1.00000000 1.00000000 1.00000000 1.00000000 1.00000000 1.00000000 1.00000000 1.00000000 1.00000000 1.00000000 1.00000000 1.00000000 

-0.28405200 -0.27806824 -0.27223689 -0.26668022 -0.26148486 -0.25669597 -0.25224055 -0.24801818 -0.24397270 -0.24010469 -0.23637858 -0.23268653 -0.22892328 -0.22504072 -0.22104374 -0.21691212 -0.21270751 -0.20828929 -0.20358966 -0.19856483 -0.04254019 -0.03957452 -0.03668639 -0.03392282 -0.03135948 -0.02888159 -0.02641660 -0.02403021 -0.02175982 -0.01953251 -0.01724677 -0.01499941 -0.01282700 -0.01068483 -0.00855326 -0.00657443 -0.00486626 -0.00338574 -0.00216380 -0.00126144 -0.00068982 -0.00031386 -0.00006052 0.00007853 0.00012699 0.00012687 0.00009371 0.00003433 -0.00002125 -0.35036496 -0.34958640 -0.34906981 -0.34861243 -0.34814628 -0.34763972 -0.34702231 -0.34620793 -0.34517045 -0.34390277 -0.34245608 -0.34089634 -0.33927709 -0.33758820 -0.33588624 -0.33426394 -0.33264987 -0.33096091 -0.32925223 -0.32761502 -0.32599137 -0.32425178 -0.32234260 -0.32017081 -0.31755074 -0.31429104 -0.31039684 -0.30597921 -0.19351793 -0.18834714 -0.18297792 -0.17746925 -0.17209350 -0.16687326 -0.16165304 -0.15643899 -0.15132294 -0.14636583 -0.14129975 -0.13596953 -0.13054781 -0.12531059 -0.12019050 -0.11485422 -0.10941418 -0.10407314 -0.09884810 -0.09351975 -0.08825627 -0.08332479 -0.07869746 -0.07408727 -0.06943328 -0.06489578 -0.06059095 -0.05649661 -0.05260766 -0.04896497 
-0.27502174 -0.27383482 -0.27195276 -0.26932076 -0.26587069 -0.26173911 -0.25706967 -0.25197735 -0.24641309 -0.24057741 -0.23466228 -0.22866645 -0.22254323 -0.21635303 -0.21023949 -0.20407563 -0.19806643 -0.19227743 -0.18681512 -0.18157884 -0.11640057 -0.11214813 -0.10763420 -0.10298232 -0.09831001 -0.09343563 -0.08832984 -0.08308768 -0.07775989 -0.07228041 -0.06666518 -0.06101866 -0.05532723 -0.04951650 -0.04359347 -0.03772606 -0.03207336 -0.02665929 -0.02164984 -0.01720325 -0.01346728 -0.01036050 -0.00781701 -0.00582480 -0.00433267 -0.00319882 -0.00224434 -0.00139420 -0.00063172 -0.17682482 -0.17627207 -0.17656661 -0.17719396 -0.17808824 -0.17931808 -0.18099109 -0.18325406 -0.18629784 -0.19021701 -0.19488981 -0.20010720 -0.20579886 -0.21182883 -0.21789106 -0.22366532 -0.22930007 -0.23492144 -0.24027822 -0.24514753 -0.24969185 -0.25413138 -0.25834734 -0.26219189 -0.26566793 -0.26879547 -0.27139993 -0.27334735 -0.17681334 -0.17240244 -0.16826671 -0.16445319 -0.16108600 -0.15812209 -0.15557135 -0.15356784 -0.15211169 -0.15108231 -0.15036145 -0.14985090 -0.14945887 -0.14912798 -0.14883369 -0.14856567 -0.14832489 -0.14807649 -0.14773145 -0.14716876 -0.14628963 -0.14513706 -0.14372978 -0.14192725 -0.13962621 -0.13695548 -0.13411411 -0.13105662 -0.12768961 -0.12407649 
