2
107
0.03500000
1.00000000

0.00010000

1.00000000 1.00000000 1.00000000 1.00000000 1.00000000 1.00000000 1.00000000 1.00000000 1.00000000 1.00000000 1.00000000 1.00000000 1.00000000 1.00000000 1.00000000 1.00000000 1.00000000 1.00000000 1.00000000 1.00000000 1.00000000 1.00000000 1.00000000 1.00000000 1.00000000 1.00000000 1.00000000 1.00000000 1.00000000 1.00000000 1.00000000 1.00000000 1.00000000 1.00000000 1.00000000 1.00000000 1.00000000 1.00000000 1.00000000 1.00000000 1.00000000 1.00000000 1.00000000 1.00000000 1.00000000 1.00000000 1.00000000 1.00000000 1.00000000 1.00000000 1.00000000 1.00000000 1.00000000 1.00000000 1.00000000 1.00000000 1.00000000 1.00000000 1.00000000 1.00000000 1.00000000 1.00000000 1.00000000 1.00000000 1.00000000 1.00000000 1.00000000 1.00000000 1.00000000 1.00000000 1.00000000 1.00000000 1.00000000 1.00000000 1.00000000 1.00000000 1.00000000 1.00000000 1.00000000 1.00000000 1.00000000 1.00000000 1.00000000 1.00000000 1.00000000 1.00000000 1.00000000 1.00000000 1.00000000 1.00000000 1.00000000 1.00000000 1.00000000 1.00000000 1.00000000 1.00000000 1.00000000 1.00000000 1.00000000 1.00000000 1.00000000 1.00000000 1.00000000 1.00000000 1.00000000 1.00000000 1.00000000 

-0.34160169 -0.33971536 -0.33740888 -0.33463864 -0.33153374 -0.32830542 -0.32501973 -0.32160105 -0.31803613 -0.31435119 -0.31061743 -0.30679531 -0.30285487 -0.29884265 -0.29483548 -0.29084918 -0.28684623 -0.28293669 -0.27918076 -0.27558816 -0.27198758 -0.26836440 -0.26478488 -0.26121141 -0.25758417 -0.25403389 -0.25056686 -0.24708504 -0.24359002 -0.24031129 -0.23718861 -0.23409515 -0.23099979 -0.22793999 -0.22477176 -0.22138864 -0.21775452 -0.21390582 -0.20992687 -0.20589685 -0.20175582 -0.19751939 -0.19328137 -0.18906338 -0.18472399 -0.18036211 -0.17620332 -0.17227996 -0.16855911 -0.16510384 -0.16192205 -0.15883028 -0.15574383 -0.15271241 -0.14977521 -0.14690371 -0.14399696 -0.14100006 -0.13786723 -0.13444777 -0.13059745 -0.12650822 -0.12243434 -0.11834871 -0.11423379 -0.11027330 -0.10650765 -0.10271716 -0.09875241 -0.09478253 -0.09090110 -0.08709009 -0.08321668 -0.07926861 -0.07518681 -0.07088159 -0.06640069 -0.06192409 -0.05761358 -0.05364206 -0.05017078 -0.04710679 -0.04423917 -0.04147691 -0.03886674 -0.03628671 -0.03360947 -0.03089585 -0.02829365 -0.02584761 -0.02343951 -0.02118398 -0.01920936 -0.01750376 -0.01579191 -0.01402445 -0.01222272 -0.01046437 -0.00872086 -0.00709564 -0.00569822 -0.00461195 -0.00377372 -0.00309663 -0.00249257 -0.00193665 -0.00137959 
0.00019202 0.00526053 0.01146454 0.01892741 0.02740129 0.03657178 0.04615554 0.05622901 0.06662453 0.07721654 0.08765434 0.09796585 0.10804056 0.11786691 0.12727443 0.13655914 0.14587168 0.15516818 0.16419513 0.17316151 0.18214501 0.19101858 0.19948119 0.20771261 0.21571391 0.22321803 0.23025158 0.23710799 0.24382470 0.25006476 0.25591341 0.26143117 0.26658477 0.27124608 0.27553245 0.27951581 0.28316264 0.28644426 0.28919813 0.29136364 0.29290579 0.29387312 0.29418434 0.29375168 0.29262908 0.29097943 0.28894513 0.28657897 0.28395101 0.28107687 0.27786213 0.27425731 0.27031393 0.26590684 0.26104786 0.25600380 0.25090334 0.24564306 0.24019059 0.23458866 0.22875570 0.22277553 0.21681551 0.21081208 0.20473781 0.19875594 0.19288713 0.18690095 0.18071689 0.17457934 0.16864098 0.16287829 0.15715577 0.15148195 0.14587336 0.14023097 0.13444881 0.12862963 0.12276713 0.11683620 0.11084672 0.10478469 0.09863548 0.09242954 0.08638530 0.08035841 0.07434474 0.06848004 0.06291803 0.05767151 0.05269900 0.04812230 0.04395966 0.04008731 0.03621446 0.03234073 0.02862590 0.02511710 0.02168312 0.01845605 0.01561788 0.01313961 0.01084002 0.00867075 0.00666832 0.00476710 0.00296267 
